nTasks=122;
nCPUs=5;
rt=[411.03890821422146 496.5168387033604 323.9840898896733 171.57800278005868 290.3216679934067 343.0998322840378 372.8264934272562 443.8149761544132 497.6350879735846 465.5313196669388 135.7932714366683 103.58689041748606 258.94170734077295 297.5796593157566 205.91170889566257 276.6724321403918 354.29659854079375 363.6227666190683 495.4724559509905 157.40789133081216 296.46600292081837 310.07140736515487 442.9847105832842 478.15176290278157 220.20785425220564 433.7994111765117 368.6451105243258 255.97647667283226 183.6326680083912 315.57976854416177 127.43669100707638 462.01559047042815 423.99960186138213 211.7683222450862 459.0248082820485 231.71266829718573 468.1755838913686 352.76475039119225 392.57561465783704 395.66652589304493 476.4070918271066 119.44420810455924 273.2904023452694 203.31970129708586 290.4020865975713 223.84757474341063 437.23409496676607 272.8495148883818 401.99672693863414 469.79824332536685 326.4275639193371 125.23603723069513 212.83587300710067 378.66958679871317 192.3485265960832 283.53818351282155 245.03569412701185 145.8266913760716 409.0932529972795 313.14638898997555 256.5584591464442 283.0186602696964 491.1906248994206 191.88437518211214 406.36748612442244 125.09715594886362 306.5983119731456 458.0103760086793 279.46488667444135 155.73541611392176 437.91895223552035 105.58837766305649 275.11269214155266 123.40609360491648 196.2320420740106 154.7291771294786 399.4040207388939 467.3201669114688 354.43089570544663 284.49254234049033 396.9049405145286 472.7258287929224 369.0650905147919 408.06052954315095 446.98059168617743 143.46921031902534 213.26409536952502 258.4401037606393 196.66646496006626 388.71628043526573 372.3620262227478 356.1794773977652 222.36563065604366 152.15444263402355 177.06938055642485 123.02098922424119 439.02248309194687 470.4708762238444 102.88988822432215 112.2834362440563 468.8920820484911 471.3217265503102 180.42697361507896 275.70071898379035 193.3988238369268 441.1801345949888 210.20556112211293 132.27290122902548 498.20857477612356 176.51502238688104 117.72341423693376 148.46945342530125 150.0245027628012 489.01264927413865 392.4764938814766 269.6529600729925 135.3253129333924 321.5641270375965 250.3030896497283 204.27008169776406 419.96252676425985 380.50994217651055];
rc=[7575.381951971289 9527.420995033499 8971.360279558907 5520.771181489161 9304.95145600195];